1;1333;8.1;96;1957-03-25
2;1769;7.7;149;1968-04-05
3;674;7.8;170;2009-12-23
4;1848;7.5;135;2001-12-11
5;1857;7.8;136;1971-12-18
6;112;7.3;125;1951-09-18
7;2805;7.6;117;1979-05-25
8;156;7.7;138;1950-10-02
9;73;6.9;133;1930-04-21
10;583;7.6;160;1984-10-26
11;1828;7.8;122;1999-09-15
12;1627;8.0;119;1998-10-30
13;290;7.5;154;2000-06-16
14;98;7.4;160;1959-07-01
15;525;7.7;93;1977-04-19
16;1133;7.9;153;1979-08-15
17;131;7.4;118;1944-09-23
18;3887;7.8;116;1985-07-03
19;247;7.4;184;1975-12-18
20;5038;7.4;140;2005-06-14
21;1744;7.3;84;1991-11-12
22;580;7.6;105;1995-01-27
23;348;7.1;212;1959-12-26
24;2682;7.1;108;2010-12-02
25;2176;7.8;117;1982-06-25
26;2254;7.5;177;1995-05-24
27;388;7.1;110;1969-09-23
28;880;7.8;102;1942-11-26
29;717;7.6;178;1995-11-22
30;471;7.8;130;1974-06-20
31;1149;8.1;130;2002-02-05
32;698;7.8;119;1941-04-30
33;218;8.0;87;1931-01-30
34;169;7.4;126;1967-06-22
35;2850;7.2;131;1988-07-15
36;2181;7.1;112;2009-08-05
37;7550;7.7;165;2012-12-25
38;321;7.3;125;1975-08-11
39;1871;7.6;113;2001-01-18
40;198;7.6;107;1944-04-24
41;839;7.8;95;1964-01-29
42;1762;7.5;118;2006-05-27
43;2100;7.8;108;2004-03-19
44;82;7.0;188;1982-12-17
45;1131;7.6;98;1996-04-05
46;93;7.8;105;1998-05-20
47;6142;8.1;139;1999-10-14
48;3785;7.4;100;2003-05-30
49;5023;8.1;142;1994-07-06
50;1356;7.7;116;1987-06-26
51;422;7.1;191;1982-11-30
52;3635;7.7;155;2000-05-01
53;545;7.3;238;1939-12-15
54;1654;7.8;126;1997-12-05
55;1851;8.1;146;1990-09-12
56;1864;7.7;116;2008-12-09
57;1389;7.3;101;1993-02-11
58;3863;7.7;130;2011-07-07
59;61;7.9;104;1950-10-13
60;1136;7.6;171;1995-12-15
61;144;7.3;85;1952-03-27
62;470;7.3;121;2004-09-11
63;3005;7.4;98;2010-03-05
64;1507;7.9;161;1966-12-23
65;162;7.6;133;1993-12-12
66;239;8.0;130;2010-09-04
67;10012;8.0;148;2010-07-14
68;2070;7.5;127;1989-05-24
69;328;7.6;101;2002-12-12
70;4100;7.8;153;2009-08-18
71;1843;7.8;148;2007-09-11
72;3276;8.1;112;2011-11-02
73;141;7.5;105;1934-02-22
74;638;7.8;130;1946-12-20
75;538;7.8;115;2012-08-28
76;1466;7.3;124;1975-06-18
77;3248;7.4;127;1993-06-11
78;493;7.8;117;1984-03-11
79;3029;7.6;111;2003-10-10
80;750;7.5;138;1997-09-19
81;523;7.6;216;1962-12-10
82;4426;7.1;127;2012-11-20
83;1176;7.3;105;1998-03-05
84;226;7.9;117;1931-05-11
85;365;7.6;92;2009-02-09
86;2231;7.9;113;2000-10-11
87;378;7.9;153;1927-01-10
88;1410;7.6;132;2004-12-14
89;490;8.0;87;1936-02-05
90;1183;8.1;134;1997-07-12
91;3957;7.4;92;2001-11-01
92;1127;7.7;91;1975-03-13
93;738;7.5;94;1979-08-16
94;104;7.8;129;1939-10-19
95;768;7.5;138;2003-10-07
96;167;7.6;121;1976-11-01
97;1760;7.7;122;2007-11-08
98;608;7.6;136;1959-07-08
99;150;7.7;102;1946-08-15
100;460;8.0;124;1988-11-17
101;162;8.0;108;1954-06-22
102;588;8.0;229;1984-02-17
103;1688;8.1;133;1975-11-18
104;193;7.6;151;1973-12-13
105;261;8.0;88;1957-09-18
106;462;7.4;99;1964-09-12
107;156;7.8;85;1966-10-18
108;4332;7.3;143;2003-07-09
109;662;7.4;120;1986-12-18
110;1233;8.0;109;1960-08-14
111;5534;8.1;154;1994-10-13
112;455;7.5;129;1980-11-14
113;2557;7.5;115;1981-06-12
114;961;7.4;133;1988-12-11
115;177;7.7;162;1985-06-01
116;2500;7.3;111;2007-06-22
117;798;8.0;112;1954-08-01
118;155;7.3;130;1940-04-12
119;1360;7.8;102;2000-10-27
120;2102;7.9;99;1992-06-25
121;997;7.3;119;1976-11-21
122;250;7.8;119;1953-09-02
123;234;7.6;80;1948-08-23
124;461;7.4;136;1968-06-12
125;3479;7.7;169;1998-07-24
126;1789;7.9;170;1983-12-08
127;2710;8.1;195;1993-11-29
128;3663;7.9;127;1995-09-22
129;3697;7.6;138;2010-02-18
130;1720;7.1;124;2005-03-31
131;399;7.6;103;1952-04-10
132;59;7.2;138;1972-12-10
133;1595;7.5;120;2008-05-12
134;1988;7.6;103;2000-09-01
135;385;7.8;122;1959-03-18
136;828;7.6;89;1986-08-07
137;3451;7.3;127;2009-05-06
138;3168;7.8;135;1983-05-23
139;155;7.3;101;1951-06-19
140;234;8.0;110;1950-08-10
141;96;8.0;165;2007-12-21
142;1325;7.9;113;1976-02-08
143;2879;7.5;137;1991-07-01
144;244;8.0;125;1960-06-15
145;668;7.3;100;2011-05-15
146;9030;7.3;143;2012-04-25
147;52;7.0;172;1946-12-25
148;1750;7.6;117;1998-02-15
149;106;7.4;116;1946-08-23
150;2083;7.2;115;2007-08-03
151;279;7.5;161;1957-10-02
152;8617;8.1;152;2008-07-16
153;483;7.5;183;1978-12-08
154;2720;7.8;151;2006-10-05
155;340;7.7;124;1980-10-03
156;1146;7.2;122;1973-12-26
157;126;7.8;79;1926-12-31
158;4072;8.3;175;1972-03-14
159;135;7.4;95;1925-06-26
160;444;7.5;106;1967-12-21
161;79;7.2;129;1940-03-15
162;397;7.9;125;1940-10-15
163;413;7.7;172;1963-06-20
164;2379;8.0;189;1999-12-10
165;6504;6.9;169;2012-11-26
166;104;7.5;134;1961-09-25
167;208;7.8;68;1921-01-21
168;123;7.4;85;1956-05-08
169;1737;7.5;118;2010-09-06
170;3565;7.8;89;1994-06-23
171;5234;7.8;179;2002-12-18
172;204;7.6;100;1941-11-18
173;137;7.1;123;1962-04-22
174;74;7.3;126;1962-10-24
175;6464;7.8;136;1999-03-30
176;132;7.7;93;1955-04-03
177;981;8.0;150;2002-09-24
178;2604;7.8;130;2006-10-19
179;1022;7.5;98;1987-09-18
180;5907;8.4;142;1994-09-10
181;1962;7.9;144;1980-05-22
182;2791;7.9;118;1991-02-14
183;1817;7.5;107;1999-08-02
184;319;7.8;129;1973-12-25
185;2758;7.1;108;1984-10-26
186;819;7.6;109;1982-06-25
187;181;7.7;104;1949-08-31
188;124;7.7;126;1948-01-24
189;2530;7.6;103;1998-06-04
190;779;7.6;119;1987-06-02
191;2009;8.0;106;1995-07-19
192;123;7.4;145;1969-06-17
193;979;7.1;102;1939-08-15
194;857;7.8;158;2007-12-28
195;327;7.8;129;1962-12-25
196;1025;8.0;86;1988-04-16
197;114;7.5;95;1958-04-23
198;3227;7.6;81;1995-10-30
199;1228;7.7;93;1996-02-23
200;122;7.7;99;1994-05-27
